/*--------------------------------*- Choupo -*--------------------------------*\
|       \|/    C hemicals     |  Choupo: open-source, glass-box simulation    |
|      \\|//   H eat-transfer |  Version:  Choupo-2607                        |
|     \\\|///  O perations    |  Website:  https://choupo.org                 |
|      \\|//   U nits         |  Licence:  GPL-3.0-or-later                   |
|       \|/    P roperties    |  Tutorial case file -- part of Choupo         |
|        |     O ptimization  |                                               |
\*-----------------------------------------------------------------------------*/
/*--- Choupo stream state.  Every DIMENSIONAL value carries its unit; the parser converts to SI.
     componentMolarFlows is the OVERALL material (all phases); a phases{} block, when present,
     is a decomposition that sums back to it exactly. ---*/

componentMolarFlows
{
    water    85 kmol/h;
    sucrose    15 kmol/h;
}

T               293.15 K;
P               100000 Pa;

phases
{
    liquid
    {
        componentMolarFlows
        {
            water    85 kmol/h;
            sucrose    10.79116441 kmol/h;
        }
    }
    solid
    {
        componentMolarFlows
        {
            sucrose    4.208835591 kmol/h;
        }
    }
}

particleSizeDistribution
{
    diameter  ( 1.953125e-06 5.859375e-06 9.765625e-06 1.3671875e-05 1.7578125e-05 2.1484375e-05 2.5390625e-05 2.9296875e-05 3.3203125e-05 3.7109375e-05 4.1015625e-05 4.4921875e-05 4.8828125e-05 5.2734375e-05 5.6640625e-05 6.0546875e-05 6.4453125e-05 6.8359375e-05 7.2265625e-05 7.6171875e-05 8.0078125e-05 8.3984375e-05 8.7890625e-05 9.1796875e-05 9.5703125e-05 9.9609375e-05 0.000103515625 0.000107421875 0.000111328125 0.000115234375 0.000119140625 0.000123046875 0.000126953125 0.000130859375 0.000134765625 0.000138671875 0.000142578125 0.000146484375 0.000150390625 0.000154296875 0.000158203125 0.000162109375 0.000166015625 0.000169921875 0.000173828125 0.000177734375 0.000181640625 0.000185546875 0.000189453125 0.000193359375 0.000197265625 0.000201171875 0.000205078125 0.000208984375 0.000212890625 0.000216796875 0.000220703125 0.000224609375 0.000228515625 0.000232421875 0.000236328125 0.000240234375 0.000244140625 0.000248046875 0.000251953125 0.000255859375 0.000259765625 0.000263671875 0.000267578125 0.000271484375 0.000275390625 0.000279296875 0.000283203125 0.000287109375 0.000291015625 0.000294921875 0.000298828125 0.000302734375 0.000306640625 0.000310546875 0.000314453125 0.000318359375 0.000322265625 0.000326171875 0.000330078125 0.000333984375 0.000337890625 0.000341796875 0.000345703125 0.000349609375 0.000353515625 0.000357421875 0.000361328125 0.000365234375 0.000369140625 0.000373046875 0.000376953125 0.000380859375 0.000384765625 0.000388671875 0.000392578125 0.000396484375 0.000400390625 0.000404296875 0.000408203125 0.000412109375 0.000416015625 0.000419921875 0.000423828125 0.000427734375 0.000431640625 0.000435546875 0.000439453125 0.000443359375 0.000447265625 0.000451171875 0.000455078125 0.000458984375 0.000462890625 0.000466796875 0.000470703125 0.000474609375 0.000478515625 0.000482421875 0.000486328125 0.000490234375 0.000494140625 0.000498046875 0.000501953125 0.000505859375 0.000509765625 0.000513671875 0.000517578125 0.000521484375 0.000525390625 0.000529296875 0.000533203125 0.000537109375 0.000541015625 0.000544921875 0.000548828125 0.000552734375 0.000556640625 0.000560546875 0.000564453125 0.000568359375 0.000572265625 0.000576171875 0.000580078125 0.000583984375 0.000587890625 0.000591796875 0.000595703125 0.000599609375 0.000603515625 0.000607421875 0.000611328125 0.000615234375 0.000619140625 0.000623046875 0.000626953125 0.000630859375 0.000634765625 0.000638671875 0.000642578125 0.000646484375 0.000650390625 0.000654296875 0.000658203125 0.000662109375 0.000666015625 0.000669921875 0.000673828125 0.000677734375 0.000681640625 0.000685546875 0.000689453125 0.000693359375 0.000697265625 0.000701171875 0.000705078125 0.000708984375 0.000712890625 0.000716796875 0.000720703125 0.000724609375 0.000728515625 0.000732421875 0.000736328125 0.000740234375 0.000744140625 0.000748046875 0.000751953125 0.000755859375 0.000759765625 0.000763671875 0.000767578125 0.000771484375 0.000775390625 0.000779296875 0.000783203125 0.000787109375 0.000791015625 0.000794921875 0.000798828125 0.000802734375 0.000806640625 0.000810546875 0.000814453125 0.000818359375 0.000822265625 0.000826171875 0.000830078125 0.000833984375 0.000837890625 0.000841796875 0.000845703125 0.000849609375 0.000853515625 0.000857421875 0.000861328125 0.000865234375 0.000869140625 0.000873046875 0.000876953125 0.000880859375 0.000884765625 0.000888671875 0.000892578125 0.000896484375 0.000900390625 0.000904296875 0.000908203125 0.000912109375 0.000916015625 0.000919921875 0.000923828125 0.000927734375 0.000931640625 0.000935546875 0.000939453125 0.000943359375 0.000947265625 0.000951171875 0.000955078125 0.000958984375 0.000962890625 0.000966796875 0.000970703125 0.000974609375 0.000978515625 0.000982421875 0.000986328125 0.000990234375 0.000994140625 0.000998046875 );
    massFrac  ( 1.509601159e-07 3.868569119e-06 1.699890651e-05 4.42720333e-05 8.930736026e-05 0.000154761224 0.0002424591248 0.0003535140096 0.0004884318684 0.0006472058095 0.0008293996815 0.00103422222 0.001260592613 0.001507198316 0.001772545849 0.002055005276 0.002352848996 0.002664285399 0.002987487933 0.003320620041 0.003661856402 0.004009400887 0.004361501565 0.004716463101 0.005072656835 0.005428528816 0.005782606019 0.006133500988 0.006479915074 0.006820640475 0.007154561216 0.00748065323 0.007797983658 0.008105709497 0.00840307568 0.008689412709 0.008964133897 0.009226732307 0.009476777452 0.009713911809 0.009937847201 0.01014836109 0.01034529281 0.01052853982 0.01069805391 0.0108538375 0.01099593996 0.01112445403 0.01123951235 0.01134128399 0.01142997128 0.01150580655 0.01156904917 0.01161998263 0.01165891176 0.01168616015 0.01170206764 0.01170698793 0.01170128644 0.01168533818 0.01165952581 0.01162423784 0.01157986691 0.01152680823 0.01146545811 0.01139621264 0.01131946643 0.01123561151 0.01114503627 0.01104812455 0.01094525476 0.01083679917 0.01072312319 0.01060458479 0.01048153396 0.01035431226 0.01022325244 0.01008867804 0.009950903198 0.009810232341 0.009666960059 0.009521370945 0.009373739511 0.009224330127 0.009073397004 0.008921184209 0.008767925705 0.008613845419 0.008459157337 0.008304065623 0.00814876475 0.007993439655 0.00783826591 0.007683409902 0.007529029033 0.00737527192 0.007222278615 0.007070180824 0.006919102138 0.006769158267 0.006620457276 0.006473099827 0.006327179422 0.006182782645 0.006039989409 0.005898873197 0.005759501304 0.005621935082 0.00548623017 0.005352436739 0.005220599717 0.005090759021 0.004962949781 0.004837202558 0.004713543563 0.004591994866 0.004472574601 0.004355297168 0.004240173427 0.00412721089 0.004016413902 0.003907783822 0.003801319197 0.003697015926 0.003594867427 0.003494864788 0.00339699692 0.003301250704 0.003207611128 0.003116061422 0.003026583188 0.002939156523 0.002853760136 0.002770371465 0.002688966781 0.002609521297 0.002532009263 0.002456404059 0.002382678292 0.002310803872 0.002240752102 0.002172493748 0.002105999117 0.002041238123 0.001978180356 0.001916795139 0.001857051593 0.001798918683 0.00174236528 0.0016873602 0.001633872259 0.001581870305 0.00153132327 0.001482200196 0.001434470278 0.001388102892 0.001343067625 0.001299334306 0.001256873028 0.001215654172 0.001175648432 0.00113682683 0.001099160737 0.001062621888 0.001027182399 0.0009928147773 0.0009594919332 0.0009271871933 0.0008958743075 0.0008655274575 0.0008361212633 0.0008076307892 0.0007800315485 0.0007532995071 0.0007274110863 0.0007023431647 0.00067807308 0.0006545786285 0.0006318380659 0.0006098301054 0.0005885339171 0.0005679291256 0.0005479958074 0.0005287144878 0.000510066138 0.0004920321704 0.0004745944351 0.000457735215 0.0004414372206 0.0004256835854 0.0004104578604 0.0003957440079 0.0003815263962 0.0003677897934 0.0003545193609 0.0003417006476 0.0003293195829 0.0003173624706 0.0003058159819 0.0002946671485 0.0002839033566 0.0002735123392 0.0002634821696 0.0002538012548 0.0002444583281 0.0002354424426 0.0002267429643 0.000218349565 0.000210252216 0.0002024411808 0.0001949070087 0.0001876405282 0.0001806328403 0.0001738753118 0.0001673595692 0.000161077492 0.0001550212068 0.0001491830807 0.0001435557152 0.0001381319405 0.0001329048093 0.0001278675909 0.0001230137656 0.0001183370192 0.0001138312369 0.0001094904986 0.000105309073 0.0001012814126 9.740214836e-05 9.366608503e-05 9.006819593e-05 8.66036182e-05 8.326764812e-05 8.005573648e-05 7.696348407e-05 7.398663726e-05 7.112108371e-05 6.836284816e-05 6.570808834e-05 6.315309095e-05 6.069426776e-05 5.832815178e-05 5.605139359e-05 5.386075769e-05 5.175311897e-05 4.97254593e-05 4.777486413e-05 4.589851933e-05 4.409370791e-05 4.235780703e-05 4.068828494e-05 3.908269808e-05 3.753868827e-05 3.605397991e-05 3.462637733e-05 3.325376219e-05 );
}
