/*--------------------------------*- Choupo -*--------------------------------*\
|       \|/    C hemicals     |  Choupo: open-source, glass-box simulation    |
|      \\|//   H eat-transfer |  Version:  Choupo-2607                        |
|     \\\|///  O perations    |  Website:  https://choupo.org                 |
|      \\|//   U nits         |  Licence:  GPL-3.0-or-later                   |
|       \|/    P roperties    |  Tutorial case file -- part of Choupo         |
|        |     O ptimization  |                                               |
\*-----------------------------------------------------------------------------*/
/*--- Choupo stream state.  Every DIMENSIONAL value carries its unit; the parser converts to SI.
     componentMolarFlows is the OVERALL material (all phases); a phases{} block, when present,
     is a decomposition that sums back to it exactly. ---*/

componentMolarFlows
{
    water    85 kmol/h;
    sucrose    15 kmol/h;
}

T               293.15 K;
P               100000 Pa;

phases
{
    liquid
    {
        componentMolarFlows
        {
            water    85 kmol/h;
            sucrose    10.72218975 kmol/h;
        }
    }
    solid
    {
        componentMolarFlows
        {
            sucrose    4.277810251 kmol/h;
        }
    }
}

particleSizeDistribution
{
    diameter  ( 1.953125e-06 5.859375e-06 9.765625e-06 1.3671875e-05 1.7578125e-05 2.1484375e-05 2.5390625e-05 2.9296875e-05 3.3203125e-05 3.7109375e-05 4.1015625e-05 4.4921875e-05 4.8828125e-05 5.2734375e-05 5.6640625e-05 6.0546875e-05 6.4453125e-05 6.8359375e-05 7.2265625e-05 7.6171875e-05 8.0078125e-05 8.3984375e-05 8.7890625e-05 9.1796875e-05 9.5703125e-05 9.9609375e-05 0.000103515625 0.000107421875 0.000111328125 0.000115234375 0.000119140625 0.000123046875 0.000126953125 0.000130859375 0.000134765625 0.000138671875 0.000142578125 0.000146484375 0.000150390625 0.000154296875 0.000158203125 0.000162109375 0.000166015625 0.000169921875 0.000173828125 0.000177734375 0.000181640625 0.000185546875 0.000189453125 0.000193359375 0.000197265625 0.000201171875 0.000205078125 0.000208984375 0.000212890625 0.000216796875 0.000220703125 0.000224609375 0.000228515625 0.000232421875 0.000236328125 0.000240234375 0.000244140625 0.000248046875 0.000251953125 0.000255859375 0.000259765625 0.000263671875 0.000267578125 0.000271484375 0.000275390625 0.000279296875 0.000283203125 0.000287109375 0.000291015625 0.000294921875 0.000298828125 0.000302734375 0.000306640625 0.000310546875 0.000314453125 0.000318359375 0.000322265625 0.000326171875 0.000330078125 0.000333984375 0.000337890625 0.000341796875 0.000345703125 0.000349609375 0.000353515625 0.000357421875 0.000361328125 0.000365234375 0.000369140625 0.000373046875 0.000376953125 0.000380859375 0.000384765625 0.000388671875 0.000392578125 0.000396484375 0.000400390625 0.000404296875 0.000408203125 0.000412109375 0.000416015625 0.000419921875 0.000423828125 0.000427734375 0.000431640625 0.000435546875 0.000439453125 0.000443359375 0.000447265625 0.000451171875 0.000455078125 0.000458984375 0.000462890625 0.000466796875 0.000470703125 0.000474609375 0.000478515625 0.000482421875 0.000486328125 0.000490234375 0.000494140625 0.000498046875 0.000501953125 0.000505859375 0.000509765625 0.000513671875 0.000517578125 0.000521484375 0.000525390625 0.000529296875 0.000533203125 0.000537109375 0.000541015625 0.000544921875 0.000548828125 0.000552734375 0.000556640625 0.000560546875 0.000564453125 0.000568359375 0.000572265625 0.000576171875 0.000580078125 0.000583984375 0.000587890625 0.000591796875 0.000595703125 0.000599609375 0.000603515625 0.000607421875 0.000611328125 0.000615234375 0.000619140625 0.000623046875 0.000626953125 0.000630859375 0.000634765625 0.000638671875 0.000642578125 0.000646484375 0.000650390625 0.000654296875 0.000658203125 0.000662109375 0.000666015625 0.000669921875 0.000673828125 0.000677734375 0.000681640625 0.000685546875 0.000689453125 0.000693359375 0.000697265625 0.000701171875 0.000705078125 0.000708984375 0.000712890625 0.000716796875 0.000720703125 0.000724609375 0.000728515625 0.000732421875 0.000736328125 0.000740234375 0.000744140625 0.000748046875 0.000751953125 0.000755859375 0.000759765625 0.000763671875 0.000767578125 0.000771484375 0.000775390625 0.000779296875 0.000783203125 0.000787109375 0.000791015625 0.000794921875 0.000798828125 0.000802734375 0.000806640625 0.000810546875 0.000814453125 0.000818359375 0.000822265625 0.000826171875 0.000830078125 0.000833984375 0.000837890625 0.000841796875 0.000845703125 0.000849609375 0.000853515625 0.000857421875 0.000861328125 0.000865234375 0.000869140625 0.000873046875 0.000876953125 0.000880859375 0.000884765625 0.000888671875 0.000892578125 0.000896484375 0.000900390625 0.000904296875 0.000908203125 0.000912109375 0.000916015625 0.000919921875 0.000923828125 0.000927734375 0.000931640625 0.000935546875 0.000939453125 0.000943359375 0.000947265625 0.000951171875 0.000955078125 0.000958984375 0.000962890625 0.000966796875 0.000970703125 0.000974609375 0.000978515625 0.000982421875 0.000986328125 0.000990234375 0.000994140625 0.000998046875 );
    massFrac  ( 1.42596818e-07 3.639994949e-06 1.593383705e-05 4.134507697e-05 8.310408086e-05 0.0001435104921 0.0002240742225 0.0003256395587 0.0004484941787 0.0005924646911 0.0007570001545 0.000941244885 0.001144101728 0.001364286855 0.001600377036 0.001850850237 0.002114120317 0.002388566503 0.002672558264 0.002964476129 0.003262728946 0.003565768028 0.003872098558 0.004180288633 0.004488976227 0.004796874383 0.005102774853 0.005405550417 0.005704156083 0.005997629321 0.006285089491 0.006565736611 0.006838849557 0.007103783815 0.007359968875 0.007606905339 0.00784416181 0.008071371627 0.0082882295 0.008494488074 0.008689954474 0.008874486858 0.009047990999 0.009210416932 0.009361755668 0.009502036002 0.00963132142 0.009749707119 0.00985731715 0.009954301673 0.01004083435 0.01011710988 0.01018334159 0.01023975931 0.01028660717 0.01032414172 0.01035263005 0.01037234804 0.01038357881 0.01038661119 0.01038173836 0.01036925654 0.01034946383 0.01032265913 0.01028914115 0.01024920749 0.01020315384 0.01015127322 0.01009385529 0.0100311858 0.009963546016 0.009891212238 0.009814455408 0.009733540725 0.009648727338 0.009560268074 0.009468409212 0.009373390294 0.009275443978 0.009174795923 0.009071664699 0.008966261736 0.008858791292 0.008749450447 0.008638429119 0.008525910099 0.008412069104 0.008297074849 0.008181089127 0.008064266906 0.00794675644 0.007828699384 0.00771023092 0.007591479892 0.007472568948 0.007353614684 0.007234727795 0.007116013227 0.006997570341 0.006879493062 0.006761870049 0.00664478485 0.006528316069 0.006412537524 0.006297518409 0.006183323457 0.006070013094 0.005957643602 0.005846267269 0.005735932543 0.005626684186 0.005518563417 0.005411608059 0.005305852682 0.005201328739 0.005098064705 0.004996086205 0.004895416148 0.004796074846 0.004698080142 0.004601447526 0.004506190247 0.00441231943 0.004319844179 0.004228771683 0.00413910732 0.004050854749 0.003964016008 0.003878591602 0.003794580593 0.003711980685 0.0036307883 0.003550998661 0.003472605866 0.003395602956 0.003319981989 0.003245734104 0.003172849585 0.003101317919 0.003031127857 0.002962267471 0.002894724201 0.002828484911 0.002763535937 0.002699863129 0.002637451899 0.002576287261 0.002516353872 0.002457636066 0.002400117896 0.002343783163 0.002288615448 0.002234598149 0.002181714501 0.002129947611 0.002079280478 0.002029696022 0.001981177104 0.001933706549 0.001887267166 0.001841841768 0.001797413188 0.001753964298 0.001711478024 0.00166993736 0.001629325383 0.001589625264 0.001550820284 0.001512893838 0.001475829453 0.001439610793 0.001404221669 0.001369646044 0.001335868048 0.001302871975 0.001270642297 0.001239163665 0.001208420915 0.001178399076 0.001149083367 0.001120459207 0.001092512214 0.001065228209 0.001038593221 0.001012593483 0.0009872154398 0.0009624457439 0.0009382712603 0.0009146790654 0.0008916564475 0.0008691909072 0.0008472701569 0.0008258821209 0.0008050149344 0.0007846569428 0.0007647967011 0.0007454229724 0.0007265247268 0.0007080911398 0.0006901115911 0.0006725756626 0.0006554731365 0.0006387939939 0.0006225284124 0.000606666764 0.0005911996132 0.0005761177145 0.0005614120103 0.0005470736284 0.0005330938796 0.0005194642555 0.0005061764254 0.0004932222346 0.0004805937009 0.000468283013 0.0004562825272 0.0004445847647 0.0004331824097 0.0004220683061 0.000411235455 0.0004006770122 0.0003903862855 0.0003803567319 0.0003705819552 0.0003610557032 0.0003517718652 0.0003427244694 0.0003339076803 0.0003253157959 0.0003169432457 0.0003087845875 0.0003008345057 0.0002930878079 0.0002855394232 0.0002781843996 0.0002710179014 0.0002640352068 0.000257231706 0.0002506028984 0.0002441443906 0.0002378518941 0.0002317212232 0.0002257482923 0.0002199291147 0.0002142597993 0.0002087365497 0.0002033556613 0.0001981135195 0.000193006598 0.0001880314566 0.0001831847392 0.0001784631721 0.000173863562 0.0001693827945 0.0001650178318 0.0001607657114 );
}
